2 14938 6556 7469 8087 1 [2 8087]
20 14380 8442 7190 19394 1 [20 19394]
60 59288 14098 29644 32955 1 [60 32955]
60 59288 17837 29644 32955 1 [60 32955]
105 97300 24083 48650 28743 1 [105 28743 30090]
119 59946 5718 29973 10308 1 [119 10308]
129 81574 3690 40787 29608 1 [129 29608]
130 75988 31669 37994 33639 1 [130 33639]
162 9716 3018 4858 14717 1 [162 14717]
180 12818 16025 6409 33323 1 [180 33323]
197 16796 22367 8398 27108 1 [197 27108]
220 79278 26843 39639 34856 1 [220 34856]
232 98278 29285 49139 29721 1 [232 29721]
234 32310 12512 16155 27802 1 [234 27802]
234 32310 19770 16155 27802 1 [234 27802]
248 71714 8421 35857 34325 1 [248 34325]
282 40536 19376 20268 21771 1 [282 21771]
301 53424 13004 26712 18669 1 [301 18669]
315 29642 1181 14821 33885 1 [315 33885]
316 74884 15240 37442 16298 1 [316 16298 25179]
316 74884 24003 37442 25179 2 [316 16298 25179]
340 34264 15217 17132 16641 3 [340 5148 12987 16641]
346 5122 3061 2561 22434 1 [346 22434]
433 63154 9783 31577 13229 1 [433 13229]
466 65068 15628 32534 22288 1 [466 22288]
544 5008 15631 2504 30967 1 [544 30967]
549 71516 16857 35758 27281 1 [549 27281]
549 71516 21223 35758 27281 1 [549 27281]
554 86552 30414 43276 33638 1 [554 33638]
583 96972 17232 48486 24511 1 [583 24511]
600 32510 2000 16255 16872 1 [600 16872]
652 93538 4131 46769 19384 1 [652 19384]
653 20992 10559 10496 20683 1 [653 20683]
666 62318 8199 31159 22357 1 [666 22357]
672 95478 19551 47739 25282 1 [672 25282]
756 4940 2272 2470 2657 1 [756 2657]
856 40998 12524 20499 27736 1 [856 27736]
891 98556 10719 49278 16890 1 [891 16890]
945 61524 4419 30762 9462 1 [945 9462]
945 61524 5175 30762 9462 1 [945 9462]
1003 95652 3851 47826 30559 1 [1003 30559]
1120 88412 19309 44206 29723 1 [1120 29723]
1128 39226 14179 19613 17083 1 [1128 17083]
1147 12358 3055 6179 18232 1 [1147 18232]
1165 87950 11182 43975 15186 1 [1165 15186]
1205 18686 26750 9343 29522 1 [1205 29522]
1208 74788 10356 37394 24741 2 [1208 8035 24741]
1240 6270 10164 3135 33654 1 [1240 33654]
1240 6270 14894 3135 33654 1 [1240 33654]
1294 19910 14808 9955 23021 1 [1294 23021]
1430 72878 25133 36439 26231 1 [1430 26231]
1577 98042 6460 49021 10039 1 [1577 10039 17023]
1681 18690 13779 9345 26885 1 [1681 26885]
1686 80366 24311 40183 27389 1 [1686 27389]
1686 80366 26114 40183 27389 1 [1686 27389]
1703 39812 2508 19906 13086 1 [1703 13086]
1757 13994 11342 6997 12066 2 [1757 7011 12066]
1866 28004 12304 14002 17699 1 [1866 17699]
2015 91254 10258 45627 27221 1 [2015 27221]
2163 69110 24802 34555 30455 1 [2163 30455]
2291 11694 11517 5847 20237 1 [2291 20237 23187]
2401 91886 10395 45943 21564 1 [2401 21564]
2401 91886 13103 45943 21564 1 [2401 21564]
2506 7146 12110 3573 30531 1 [2506 30531]
2534 72882 15659 36441 23939 2 [2534 7834 23939]
2558 64656 18126 32328 21448 1 [2558 21448]
2582 40358 5084 20179 7055 1 [2582 7055]
2606 70278 3219 35139 15760 1 [2606 15760]
2606 70278 12646 35139 15760 1 [2606 15760]
2606 70278 15140 35139 15760 1 [2606 15760]
2610 56036 6490 28018 8689 1 [2610 8689 8829]
2660 42312 20291 21156 25395 1 [2660 25395]
2768 15580 4968 7790 9814 2 [2768 4056 9814]
2768 15580 7678 7790 9814 2 [2768 4056 9814]
2959 41520 19824 20760 20926 1 [2959 20926]
3025 79648 9834 39824 25607 1 [3025 25607]
3066 69002 11988 34501 30997 1 [3066 30997]
3148 88026 17971 44013 33484 1 [3148 33484]
3203 80276 11607 40138 20884 1 [3203 20884]
3267 62816 5230 31408 33910 1 [3267 33910]
3343 47718 12577 23859 32815 2 [3343 7854 32815]
3356 81422 9336 40711 17445 1 [3356 17445 23073]
3432 87500 19267 43750 25930 1 [3432 25930]
3662 60366 5500 30183 19427 1 [3662 19427]
3662 60366 14484 30183 19427 1 [3662 19427]
3676 43946 4913 21973 10184 1 [3676 10184 26432]
3688 61682 5704 30841 12064 1 [3688 12064]
3691 59666 28404 29833 28433 1 [3691 28433]
3712 5956 12803 2978 30297 1 [3712 30297 30306]
3716 37706 16829 18853 27392 1 [3716 27392]
3716 37706 20248 18853 27392 1 [3716 27392]
3791 12846 17577 6423 29755 1 [3791 29755]
3808 71266 16732 35633 26917 1 [3808 26917 30433]
3826 344 16308 172 32501 1 [3826 32501]
3826 344 18490 172 32501 1 [3826 32501]
3880 97212 7446 48606 34605 1 [3880 34605]
3921 71890 10215 35945 18938 1 [3921 18938]
4001 12504 7562 6252 12734 1 [4001 12734]
4056 15580 7678 7790 9814 2 [2768 4056 9814]
4069 31906 7242 15953 8558 1 [4069 8558]
4166 6564 19449 3282 25410 1 [4166 25410]
4228 2674 5490 1337 23572 1 [4228 23572]
4320 99938 15992 49969 29294 1 [4320 29294]
4320 99938 20155 49969 29294 1 [4320 29294]
4325 50188 20583 25094 23535 2 [4325 9780 23535]
4419 30762 4979 15381 5175 1 [4419 5175]
4447 13352 12600 6676 33660 1 [4447 33660]
4500 19050 4860 9525 34130 1 [4500 34130]
4500 19050 18721 9525 34130 1 [4500 34130]
4500 19050 22552 9525 34130 1 [4500 34130]
4534 49930 28857 24965 29895 1 [4534 29895]
4538 76484 8206 38242 31356 2 [4538 7918 31356]
4550 46418 15467 23209 17675 1 [4550 17675]
4717 63760 20364 31880 21688 1 [4717 21688]
4863 92602 25404 46301 32156 1 [4863 32156]
4882 71694 14693 35847 27779 1 [4882 27779]
5010 37192 22239 18596 29593 2 [5010 5812 29593 34086]
5040 38698 28660 19349 30614 2 [5040 26994 30614]
5060 98752 18117 49376 28802 1 [5060 28802]
5139 33654 10906 16827 34866 1 [5139 34866]
5148 34264 15217 17132 16641 3 [340 5148 12987 16641]
5291 8262 11438 4131 29835 1 [5291 29835]
5360 63056 8919 31528 14199 1 [5360 14199 23817]
5547 92938 6694 46469 8047 1 [5547 8047]
5577 15650 18882 7825 23962 1 [5577 23962]
5614 21494 18673 10747 33749 2 [5614 14132 33749]
5684 55742 23848 27871 31714 1 [5684 31714]
5812 37192 22239 18596 29593 2 [5010 5812 29593 34086]
5860 88202 26607 44101 28188 1 [5860 28188]
5883 25562 13605 12781 20606 1 [5883 20606]
5902 94726 11965 47363 21491 1 [5902 21491]
5955 96232 10198 48116 20790 1 [5955 20790]
5955 96232 20272 48116 20790 1 [5955 20790]
5989 21350 13886 10675 21639 1 [5989 21639]
6151 96082 10762 48041 30540 1 [6151 30540]
6258 9736 19555 4868 27451 1 [6258 27451]
6340 73088 7777 36544 8925 1 [6340 8925]
6362 71162 16577 35581 18912 1 [6362 18912]
6484 40130 23562 20065 27341 2 [6484 8878 27341]
6590 81252 17600 40626 21952 1 [6590 21952]
6676 3204 11672 1602 17734 1 [6676 17734]
6687 95406 8545 47703 25598 1 [6687 25598]
6725 54124 13453 27062 27716 1 [6725 27716]
6973 29866 8157 14933 12837 1 [6973 12837]
6990 6586 12820 3293 29570 1 [6990 29570]
6999 85992 9712 42996 21716 1 [6999 21716]
7011 13994 11342 6997 12066 2 [1757 7011 12066]
7047 41704 15331 20852 15880 2 [7047 9174 15880]
7157 18730 23851 9365 29826 1 [7157 29826]
7202 51472 14961 25736 21941 1 [7202 21941]
7271 70750 12971 35375 16113 2 [7271 11493 16113]
7290 38840 14831 19420 34961 1 [7290 34961]
7290 38840 19208 19420 34961 1 [7290 34961]
7356 85426 18648 42713 32591 1 [7356 32591]
7356 85426 31258 42713 32591 1 [7356 32591]
7493 55912 18782 27956 30820 1 [7493 30820]
7493 55912 21275 27956 30820 1 [7493 30820]
7511 69864 31727 34932 31732 1 [7511 31732]
7605 45048 13389 22524 33228 1 [7605 33228]
7618 30812 11130 15406 20328 1 [7618 20328]
7650 91936 11938 45968 19424 1 [7650 19424]
7655 74720 17918 37360 21736 1 [7655 21736 31928]
7696 7648 23473 3824 33273 1 [7696 33273]
7834 72882 15659 36441 23939 2 [2534 7834 23939]
7854 47718 12577 23859 32815 2 [3343 7854 32815]
7918 76484 8206 38242 31356 2 [4538 7918 31356]
7925 51920 16232 25960 28326 1 [7925 28326]
7925 51920 28087 25960 28326 1 [7925 28326]
8035 74788 10356 37394 24741 2 [1208 8035 24741]
8082 20604 24369 10302 24780 1 [8082 24780 31882]
8086 92880 9012 46440 25931 1 [8086 25931]
8106 15878 9435 7939 16771 1 [8106 16771]
8189 72096 19953 36048 28771 1 [8189 28771]
8232 21540 23528 10770 32273 1 [8232 32273]
8243 49594 14548 24797 32328 1 [8243 32328]
8313 63816 13480 31908 17570 1 [8313 17570]
8410 5108 19792 2554 31255 1 [8410 31255]
8449 11300 18411 5650 23264 1 [8449 23264]
8472 17622 8952 8811 34115 1 [8472 34115]
8630 70202 19340 35101 21822 1 [8630 21822]
8711 12944 19859 6472 25455 1 [8711 25455]
8770 45180 32661 22590 32956 1 [8770 32956]
8826 91956 20117 45978 23781 2 [8826 11402 23781]
8840 5086 19504 2543 23203 1 [8840 23203]
8853 42556 21804 21278 24535 1 [8853 24535]
8878 40130 23562 20065 27341 2 [6484 8878 27341]
8932 77358 13942 38679 19064 1 [8932 19064]
8932 77358 14354 38679 19064 1 [8932 19064]
9041 43838 19431 21919 25237 1 [9041 25237]
9049 61472 14176 30736 22174 1 [9049 22174]
9124 57812 17700 28906 27509 1 [9124 27509]
9174 41704 15331 20852 15880 2 [7047 9174 15880]
9194 1544 29430 772 33888 1 [9194 33888]
9267 34638 21511 17319 31263 1 [9267 31263]
9285 81340 20877 40670 23992 1 [9285 23992]
9300 94076 12398 47038 17194 1 [9300 17194]
9362 59274 29061 29637 33103 1 [9362 33103]
9375 92648 26288 46324 32158 1 [9375 32158]
9375 92648 27369 46324 32158 1 [9375 32158]
9744 87188 26029 43594 30842 1 [9744 30842 31118]
9780 50188 20583 25094 23535 2 [4325 9780 23535]
9860 11454 14433 5727 29085 1 [9860 29085]
9860 11454 24599 5727 29085 1 [9860 29085]
9875 56608 13800 28304 28012 1 [9875 28012 32209]
9892 68750 13530 34375 15970 1 [9892 15970]
10085 90856 21766 45428 22694 1 [10085 22694]
10216 8008 13855 4004 33251 1 [10216 33251]
10229 86246 15107 43123 29359 1 [10229 29359]
10346 65510 24525 32755 28651 1 [10346 28651]
10353 98630 25414 49315 31453 2 [10353 10859 31453]
10353 98630 28581 49315 31453 2 [10353 10859 31453]
10551 80758 22744 40379 32615 1 [10551 32615]
10551 80758 27998 40379 32615 1 [10551 32615]
10569 98440 14069 49220 23573 1 [10569 23573]
10610 82304 15070 41152 22321 1 [10610 22321]
10779 5580 14415 2790 21554 1 [10779 21554]
10828 47682 20127 23841 21510 1 [10828 21510]
10859 98630 28581 49315 31453 2 [10353 10859 31453]
10896 3716 11102 1858 19809 1 [10896 19809]
10899 72060 11638 36030 16222 1 [10899 16222]
11059 49138 14385 24569 23161 1 [11059 23161]
11152 83408 15880 41704 31601 1 [11152 31601]
11190 26778 16702 13389 28455 1 [11190 28455]
11215 50286 20125 25143 22474 2 [11215 16004 22474 29501]
11245 46644 12575 23322 15882 1 [11245 15882 30634]
11273 89794 12470 44897 31036 1 [11273 31036]
11493 70750 12971 35375 16113 2 [7271 11493 16113]
11648 11710 28473 5855 28688 1 [11648 28688]
11665 18380 12399 9190 22138 1 [11665 22138]
11779 81020 16035 40510 31694 1 [11779 31694]
11779 81020 26534 40510 31694 1 [11779 31694]
11779 81020 27429 40510 31694 1 [11779 31694]
11857 46136 12323 23068 29182 1 [11857 29182]
11881 89824 26798 44912 30739 1 [11881 30739]
12304 14002 21425 7001 28545 1 [12304 28545]
12362 38802 19599 19401 32809 1 [12362 32809]
12362 38802 23937 19401 32809 1 [12362 32809]
12398 47038 23487 23519 26779 1 [12398 26779]
12491 62472 15446 31236 26762 1 [12491 26762]
12496 68748 20532 34374 32163 1 [12496 32163]
12555 42472 18199 21236 26510 1 [12555 26510]
12576 57620 16336 28810 20610 1 [12576 20610]
12813 76610 13748 38305 23111 1 [12813 23111]
12813 76610 18453 38305 23111 1 [12813 23111]
12822 58128 31592 29064 31673 2 [12822 26311 31673]
12845 62608 22094 31304 28305 1 [12845 28305]
12987 34264 15217 17132 16641 3 [340 5148 12987 16641]
13017 72886 23852 36443 25915 1 [13017 25915 34032]
13038 71780 19270 35890 23815 1 [13038 23815]
13078 34268 25593 17134 27425 1 [13078 27425]
13618 69620 28262 34810 31842 1 [13618 31842]
13621 30136 19455 15068 28997 1 [13621 28997]
13723 25544 18830 12772 28306 1 [13723 28306]
13812 63822 15371 31911 22866 1 [13812 22866]
13822 38282 14682 19141 18393 1 [13822 18393]
14132 21494 18673 10747 33749 2 [5614 14132 33749]
14195 50766 21829 25383 26195 1 [14195 26195]
14306 50050 18103 25025 27316 1 [14306 27316]
14306 50050 18280 25025 27316 1 [14306 27316]
14334 79206 19878 39603 26823 1 [14334 26823]
14336 93898 20200 46949 33278 1 [14336 33278]
14422 17398 15225 8699 25107 1 [14422 25107]
14432 14292 30531 7146 32760 1 [14432 32760]
14593 27216 14916 13608 34056 1 [14593 34056]
14646 28656 19150 14328 21838 1 [14646 21838]
14826 39284 16937 19642 28093 1 [14826 28093]
14833 16518 27126 8259 30479 1 [14833 30479]
14900 19070 28908 9535 31629 1 [14900 31629]
15090 58576 26107 29288 33752 1 [15090 33752]
15180 41814 23858 20907 34865 1 [15180 34865]
15240 37442 23827 18721 24003 1 [15240 24003]
15252 97494 21514 48747 25277 1 [15252 25277]
15333 12880 26506 6440 34026 1 [15333 34026]
15734 11336 22183 5668 30263 1 [15734 30263]
15823 47804 21627 23902 30500 1 [15823 30500 32542]
15993 39186 16733 19593 18979 1 [15993 18979]
16004 50286 20125 25143 22474 2 [11215 16004 22474 29501]
16298 74884 24003 37442 25179 2 [316 16298 25179]
16389 71912 26635 35956 34122 1 [16389 34122]
16450 47088 29811 23544 31095 2 [16450 19890 31095]
16459 52902 16626 26451 22771 1 [16459 22771]
16699 11592 22146 5796 26078 1 [16699 26078]
17173 36478 19989 18239 30333 2 [17173 17550 30333]
17264 89136 21430 44568 21993 1 [17264 21993]
17550 36478 19989 18239 30333 2 [17173 17550 30333]
17575 66200 21893 33100 22621 1 [17575 22621]
17602 1884 17660 942 33564 1 [17602 33564]
17727 97022 19898 48511 24112 1 [17727 24112]
18256 56708 28384 28354 34862 1 [18256 34862]
18363 75032 22456 37516 28939 1 [18363 28939 31657 32882]
18456 44826 32613 22413 32821 1 [18456 32821]
18544 18178 23110 9089 34920 1 [18544 34920]
18580 16850 22318 8425 29160 1 [18580 29160]
18670 22136 18744 11068 32901 1 [18670 32901]
18743 83948 20152 41974 30493 1 [18743 30493]
19103 68824 21109 34412 28551 1 [19103 28551]
19447 68418 23169 34209 27168 1 [19447 27168]
19544 51220 27900 25610 29528 1 [19544 29528]
19842 54964 25889 27482 34341 1 [19842 34341]
19890 47088 29811 23544 31095 2 [16450 19890 31095]
19943 71330 23912 35665 33835 1 [19943 33835]
19943 71330 24529 35665 33835 1 [19943 33835]
20110 88310 22405 44155 25442 1 [20110 25442]
20209 28570 22064 14285 22393 1 [20209 22393]
20345 90338 21583 45169 23807 1 [20345 23807]
20599 53268 22061 26634 33238 1 [20599 33238]
20599 53268 23321 26634 33238 1 [20599 33238]
20859 46520 20989 23260 28495 1 [20859 28495]
21533 62922 23035 31461 27022 1 [21533 27022]
21724 64670 22987 32335 27081 1 [21724 27081]
21830 22074 27405 11037 34065 1 [21830 34065]
21935 30350 34111 15175 34147 1 [21935 34147]
22041 61398 22366 30699 33923 1 [22041 33923]
22098 3848 27231 1924 31926 1 [22098 31926]
22680 17152 22890 8576 30734 1 [22680 30734]
22782 87172 29560 43586 32427 1 [22782 32427]
23002 62686 23947 31343 28686 1 [23002 28686]
23493 88228 27462 44114 33869 1 [23493 33869]
24759 25814 27621 12907 30898 1 [24759 30898]
25916 15534 27690 7767 29656 1 [25916 29656]
25951 37116 30554 18558 33217 1 [25951 33217]
26311 58128 31592 29064 31673 2 [12822 26311 31673]
26381 64620 27802 32310 27879 1 [26381 27879]
26994 38698 28660 19349 30614 2 [5040 26994 30614]